3
5
17
29
41
53
89
101
113
137
149
173
197
233
257
269
281
293
317
353
389
401
449
461
509
521
557
569
593
617
641
653
677
701
761
773
797
809
821
857
881
7
19
31
43
67
79
929
103
127
139
151
941
163
199
953
211
223
271
283
307
331
977
367
379
439
463
1013
487
1049
499
1061
523
547
571
607
1097
619
1109
631
643
1181
691
1193
727
1217
739
751
1229
787
1277
811
1289
823
1301
1361
859
1373
1409
1433
883
1481
1493
1553
907
919
967
1601
991
1613
1039
1051
1063
1637
1087
1697
1123
1171
1709
1231
1721
1279
1291
1733
1303
1877
1327
1889
1399
1901
1423
1913
1447
1949
1459
1973
1471
1997
1483
2069
1531
2081
1543
2129
1567
2141
1579
2153
1627
1663
2213
1699
1723
2237
1747
2273
1759
2297
1783
2309
1831
2333
1867
2357
1879
2381
1951
2393
1987
1999
2011
2417
2083
2441
2131
2143
2477
2179
2549
2203
2609
2239
2621
2251
2633
2287
2657
2311
2347
2693
2371
2729
2383
2741
2467
2753
2503
2777
2539
2789
2551
2801
2647
2837
2659
2861
2671
2897
2683
2909
2707
2957
2719
2969
2731
3041
2767
3089
2791
3137
2803
3209
2851
3221
2887
3257
2971
3329
3019
3389
3067
3413
3079
3449
3163
3187
3461
3259
3533
3271
3557
3307
3581
3319
3593
3331
3617
3343
3677
3391
3701
3463
3761
3499
3797
3511
3821
3547
3833
3559
3881
3571
3917
3583
3929
3607
3989
3631
4001
3643
4013
3691
4049
3727
4073
3739
4133
3823
4157
3847
4217
3907
4229
3919
4241
3931
11
23
47
59
4253
3943
71
83
107
131
3967
4289
167
179
191
227
239
251
4337
263
4003
311
347
359
383
4027
419
431
443
467
4051
479
491
503
4099
563
587
599
647
659
4111
683
719
743
827
4159
839
863
887
911
4349
947
4219
971
4373
4231
983
1019
4243
1031
4397
4327
4409
4339
4421
4363
4457
4423
4481
1091
4447
4493
1103
4483
4517
4507
4637
4519
4649
4567
4673
4591
4721
4603
4733
4639
4793
4651
4817
4663
4877
4723
4889
4937
4759
4973
4783
4831
5009
4903
5021
4951
5081
4987
5153
1151
4999
1163
5189
1187
5011
1223
1259
5237
1283
5023
1307
1319
5261
1367
5059
1427
1439
5273
5107
1451
1487
1499
5297
5119
1511
1523
1559
5167
5309
1571
1583
1607
5333
5179
1619
1667
5381
1787
5227
1811
5393
1823
5323
1847
5417
1871
5347
1907
5441
1931
5407
1979
2003
5477
2027
5419
2039
5501
2063
5431
2087
2099
5573
2111
5443
2207
5657
2243
5479
2267
5669
2339
5503
2351
2399
5693
5527
2411
2423
5717
2447
5563
2459
5741
2531
5623
2543
5801
2579
5647
2591
5813
2663
5659
2687
5849
2699
5683
2711
5861
2819
5743
2843
5897
2879
5779
2903
5981
2927
5791
6029
2939
5827
2963
6053
2999
5839
13
37
61
73
97
109
5851
6089
157
181
3011
193
229
241
277
3023
6101
5923
313
3083
337
349
373
6113
3119
6007
397
409
421
3167
433
457
6173
3191
6043
6197
3203
541
577
601
3251
613
6221
661
673
709
6067
3299
6257
733
6079
757
3323
6269
769
829
3347
853
877
6317
3359
937
997
3371
1009
6329
3407
1021
1033
3467
1069
6091
1093
6353
1117
3491
1129
1153
6151
6389
1201
1213
3527
1237
6163
6449
3539
1249
1297
3623
6199
6473
1321
3659
1381
6211
1429
3671
6521
1453
1489
3719
6247
1549
6569
1597
3767
1609
6271
1621
3779
6581
1657
6343
1669
3803
1693
6653
1741
3851
1753
6367
1777
3863
1789
6689
1801
3911
6379
1861
1873
3923
1933
6701
6427
3947
1993
2017
4007
2029
6737
6451
4019
2053
2089
6761
4079
6547
2113
2137
4091
6833
2161
6571
4127
2221
2269
4139
6607
2281
6857
4211
2293
6619
2341
4259
6869
2377
4271
6679
2389
6917
4283
2437
6691
2473
4391
6977
2521
6703
2557
4451
7001
2593
6763
2617
2677
4463
7013
2689
6823
4523
2713
7109
2749
4547
6871
2797
7121
4583
2833
6883
2857
4643
2917
7193
4679
2953
6907
7229
4691
3001
4703
7253
3037
6967
4751
3049
7349
4787
3061
4799
6991
7433
3109
4871
7457
4919
7027
7481
4931
7039
4943
7517
7159
4967
7529
3121
5003
7207
7541
5039
3169
7577
5051
3181
3217
5087
7589
3229
5099
3253
7649
3301
5147
3313
7219
5171
7673
3361
5231
3373
7757
5279
7243
3433
5303
7793
5351
7351
7817
5387
7411
5399
7829
3457
5471
3469
7841
7459
5483
3517
7853
5507
3529
5519
7877
3541
5531
3613
7507
7901
5591
3637
5639
7937
3673
7591
5651
3697
7949
7603
3709
5711
3733
8009
7639
5783
3769
3793
8069
7687
5807
3853
3877
5843
8081
7699
3889
5867
4021
8093
7723
5879
4057
8117
7759
5903
4093
4129
7867
8237
5927
4153
7879
5939
8273
4177
5987
4201
7927
8297
4261
6011
7951
4273
8369
6047
4297
7963
8429
4357
6131
8011
4441
8501
6143
4513
8059
6203
8513
4549
8167
4561
6263
8537
8179
4597
6287
4621
8573
8191
6299
4657
8597
6311
4729
8263
4789
6323
8609
8287
4801
6359
8669
4813
8311
6491
4861
8681
8419
6551
4909
8693
4933
6563
8431
4957
8741
6599
8443
4969
8753
6659
4993
8467
5077
6719
8837
8527
5101
6779
8849
5113
8539
6791
5197
8861
8563
6803
5209
8933
8599
5233
6827
5281
8969
6863
8623
5413
6899
9029
5437
8647
6911
5449
9041
8707
5521
6947
9137
8719
5557
6959
5569
9161
8731
6971
5581
6983
9173
8779
5641
7019
9209
8803
5653
7043
5689
8839
7079
5701
8863
7103
5737
9221
7127
5749
8887
9257
7151
5821
8923
9281
7187
5857
8971
5869
7211
9293
5881
9007
7247
9341
5953
7283
9043
6037
9377
7307
9067
6073
9413
7331
6121
9091
7451
6133
9437
9103
7487
6217
9461
9127
7499
6229
9473
7523
9151
6277
7547
9497
6301
9187
7559
6337
9521
9199
7583
6361
9533
9283
7607
6373
7643
9319
9629
6397
7691
6421
9343
9677
6469
7703
9391
9689
6481
7727
6529
9403
9749
7823
6553
9439
7883
6577
9833
9463
6637
7907
9857
6661
7919
9511
6673
9929
8039
9547
6709
9941
8087
9619
6733
10037
8111
6781
9631
8123
6793
10061
9643
8147
6829
10133
9679
8171
6841
10169
9739
8219
6949
10181
8231
6961
9787
8243
10193
6997
9811
8291
7057
10253
9859
7069
8363
10289
9871
7129
8387
10301
9883
7177
8423
7213
10313
9907
8447
7237
10337
9931
8543
7297
8627
7309
9967
10433
7321
8663
10039
7333
10457
8699
7369
10099
8747
10529
7393
10111
8783
10589
7417
8807
10159
7477
10601
8819
7489
10243
10613
8831
7537
10267
10709
7549
8867
10303
7561
10733
8951
10399
7573
8963
10781
7621
10459
8999
10853
7669
9011
10531
7681
10889
9059
7717
10567
10937
7741
9203
10627
7753
10949
9227
10639
7789
9239
10973
7873
10651
9311
11057
7933
10663
9323
7993
11069
10687
9371
8017
11093
8053
10711
9419
11117
8089
10723
9431
8101
11177
10771
9467
8161
11213
9479
10831
8209
11261
9491
8221
10867
9539
8233
11273
10891
8269
9551
11321
10903
8293
9587
11369
10939
8317
9623
8329
10987
11393
9719
8353
11047
11489
9743
8377
11059
9767
11549
8389
11071
9791
8461
11597
9803
11083
8521
11621
8581
9839
11119
11633
8629
9851
11131
11657
8641
9887
11239
8677
11681
9923
8689
11251
11717
10007
8713
11287
11777
10067
8737
11299
10079
8761
11789
11311
10091
8821
11801
11383
10103
8893
11813
11443
10139
8929
11897
8941
11467
10151
11909
9001
11491
10163
9013
11933
10211
11503
9049
11969
10223
11527
9109
11981
10247
11551
9133
10259
12041
9157
11587
10271
9181
12101
11719
9241
10331
12113
11731
9277
10343
12149
11743
9337
10391
12161
9349
11779
10427
9397
12197
11827
10463
9421
12269
11839
10487
9433
10499
11863
12281
9601
10559
11887
9613
12329
10607
9649
11923
12377
10631
9661
11959
12401
9697
10667
11971
12413
9721
10691
12007
9733
12437
10739
12043
9769
12473
10799
9781
12163
12497
10847
9817
12211
10859
12569
9829
12343
10883
9901
12641
10979
12379
9949
12653
9973
11003
12391
12689
10009
11027
12451
12713
10069
11087
12487
10093
12809
11159
12511
10141
12821
11171
12547
10177
12893
11243
10273
12583
11279
12917
10321
12619
11351
12941
10333
12703
11399
10357
12953
12739
11411
13001
10369
12763
11423
10429
13037
11447
12799
10453
13049
11471
12823
10477
13109
11483
12907
10501
11519
13121
12919
10513
11579
13217
12967
10597
11699
13229
10657
12979
11783
13241
13003
10729
11807
13313
13063
11831
10753
13337
13099
11867
10789
13397
13147
11903
10837
13159
11927
13421
10861
11939
13171
13457
10909
11987
13183
13469
10957
12011
13219
10993
13553
12071
11113
13267
13577
12107
11149
13291
13613
12119
11161
13327
13649
12143
11173
13339
13697
12203
11197
13399
12227
13709
11257
13411
12239
13721
11317
13567
12251
13757
11329
12263
13591
13781
11353
12323
13627
13829
11437
12347
13687
13841
11497
12479
13711
11593
13877
12491
13723
11617
13901
12503
11677
13759
13913
12527
11689
13807
13997
11701
12539
13831
14009
11821
12611
13879
11833
14033
12647
13903
11941
14057
12659
13963
11953
14081
12671
12037
13999
14153
12743
12049
14011
14177
12791
12073
14071
14249
12899
12097
12911
14321
14083
12109
12923
12157
14369
14107
12241
12959
14143
14489
12253
12983
14537
14251
12277
13007
14549
14323
12289
13043
14561
14347
12301
13103
14621
12373
14407
13127
12409
14633
14419
13151
12421
14431
14657
13163
12433
14479
14669
13187
12457
14503
13259
14717
12517
14551
13331
12541
14741
14563
13367
12553
14753
14683
12577
13451
14813
14731
12589
13463
12601
14897
14767
13487
12613
14779
13499
12637
14827
14957
13523
12697
14851
13619
12721
14969
14887
12757
13679
14923
12781
13691
12829
14947
15017
13751
12841
14983
12853
13763
15053
15031
12889
13799
15091
15077
12973
13859
15139
15101
13009
13883
15187
13033
15137
15199
13093
13907
15259
15149
13177
13931
15271
13249
13967
15161
15307
14051
13297
15173
15319
13309
14087
15233
15331
13381
14159
15269
14207
15391
13417
15329
14243
15427
13441
15377
14303
15439
13477
15401
14327
15451
13513
15413
14387
13537
15511
15461
14411
13597
15559
15473
14423
13633
15583
15497
14447
15607
15569
14519
15619
15581
14543
15643
13669
15629
14591
15667
15641
14627
15679
14639
15737
14699
15727
15749
14723
15739
15761
14747
15787
15773
14759
15823
15797
14771
13681
15859
15809
14783
13693
15907
15881
14831
13729
16001
15919
14843
13789
16061
14867
15991
13873
14879
16073
16063
13921
14891
16097
16087
13933
14939
16193
16111
14029
14951
16217
14149
16183
15083
16229
14173
15107
16231
16253
14197
15131
16267
16301
15227
16349
16339
15263
16361
16363
15287
16421
16411
15299
14221
16433
16447
15359
14281
16481
16519
15383
14293
16493
15443
16567
14341
16529
15467
14389
16603
16553
15527
14401
16651
16649
15551
14437
16661
16699
15647
14449
15671
16673
16747
14461
15683
16829
16759
15731
16889
16831
15767
16901
16843
15791
14533
16937
16879
15803
14557
17021
16903
15887
14593
17033
16927
15923
14629
17093
15959
16963
14653
17117
15971
14713
16987
16007
17189
14737
17011
16067
14797
17321
17047
14821
16091
17333
17107
14869
16103
17393
17167
14929
16127
17417
17191
16139
17477
15013
16187
17203
15061
17489
16223
17239
15073
17573
16319
15121
17299
17597
16427
15193
17359
17609
16451
15217
17383
17657
16487
15241
17419
17669
15277
16547
17431
15289
17681
16607
15313
17443
17729
16619
17467
16631
17789
15349
17491
16691
17837
15361
16703
17539
15373
17909
16763
15493
17551
17921
15541
16787
17599
17957
15601
16811
17623
17981
15649
16823
18041
17659
15661
16871
18077
17683
15733
16883
18089
17707
16931
18149
17791
16943
15817
18233
17827
16979
15877
18257
17839
17027
15889
18269
17099
17851
15901
18329
17123
15913
17863
18341
17159
15937
17911
15973
17183
18353
17923
16033
17207
18401
17959
16057
17231
18413
16069
17971
17291
18461
16141
18043
17327
18521
16189
18127
17351
18593
16249
17387
18199
16273
18617
17471
16333
18211
18701
17483
16369
18223
18713
16381
17519
18749
16417
17579
18307
18773
16453
17627
18367
18797
16477
17747
18379
16561
18869
17783
18427
16573
18917
17807
16633
18439
19001
17891
16657
18451
19013
17903
16693
19037
17939
18523
16729
19073
17987
18583
16741
18047
19121
16921
18679
18059
19157
16981
18691
18119
19181
16993
18787
18131
19289
17029
18859
18143
17041
19301
18919
17053
18191
19373
18979
18251
19421
17077
19051
18287
19433
17137
19087
18311
19457
19183
17209
18371
19469
19207
18443
19541
19219
17257
18503
19553
19231
17293
18539
19577
19267
17317
18587
19661
17341
19387
18671
19697
17377
19423
18719
19709
17389
19447
18731
17401
19793
19471
18743
17449
19841
19483
18803
17497
19853
19507
18839
17509
19889
18899
19531
17569
19913
18911
19543
17581
19937
18947
19603
17713
18959
19949
19687
19031
19961
19699
17737
19079
19973
19759
17749
19139
19997
19819
17761
19163
20021
19843
17881
19211
20117
17929
19867
19259
20129
17977
19891
19319
17989
20177
19927
19379
18013
20201
19963
18049
19391
20249
20011
18061
19403
20261
20023
18097
19427
20297
20047
18121
19463
20333
20071
18133
19559
20357
20107
19571
20369
20143
18169
19583
20393
20287
19727
18181
20441
20323
19739
18217
20477
20347
19751
18229
20549
20359
19763
18253
20681
20407
18289
19919
20693
18301
20431
19979
20717
20443
19991
18313
20753
20479
20051
18397
20789
20063
20551
18433
20849
20123
20563
18457
20873
20147
20599
18481
20897
20183
20611
18493
20921
20219
18517
20707
20981
18541
20231
20719
18553
21017
20327
20731
18637
20399
21089
20743
18661
20411
21101
20887
18757
20483
20899
21149
18793
20507
20947
21221
18913
20543
20959
21269
18973
20627
20983
21317
19009
20639
21019
21341
19069
20663
21031
19081
21377
20747
21067
21401
19141
20759
21139
21521
19213
20771
21163
19237
21557
20807
21187
19249
21569
20879
21211
19273
21617
20903
21247
19309
21701
20939
21283
19333
21713
20963
21319
19381
21737
21011
19417
21379
21773
21023
19429
21391
21821
21059
19441
21487
21881
21107
19477
21499
21893
19489
21143
21523
19501
21929
21179
21559
19597
21977
21191
21727
19609
21227
22013
21739
19681
21323
22037
21751
19717
21347
22073
21787
19753
21383
22109
21799
21407
22133
21859
21419
22157
21871
21467
19777
21491
22193
21943
19801
22229
21503
19813
22277
21991
19861
22349
21563
19993
22397
22003
20029
22409
21587
20089
22433
22027
20101
22469
21599
20113
22481
22039
20149
22541
20161
21611
22051
20173
22613
20233
21647
22637
20269
22063
22697
20341
21683
22709
20353
22111
22721
20389
21767
22769
20509
22123
22817
20521
21803
22853
20533
22147
22877
20593
21839
22901
20641
22159
20749
22937
21851
20773
22961
22171
20809
22973
21863
20857
23021
22279
20929
21911
23057
21001
23081
22291
21013
22031
23117
21061
22303
23189
21121
22067
23201
21157
22447
23297
21169
22079
23321
21193
22483
23333
21277
22091
21313
23357
22531
21397
23369
22247
21433
23417
22543
21481
23537
22259
21493
23549
22567
21517
23561
22271
21529
23609
22639
21577
22283
23633
21589
23669
22651
21601
22307
23741
21613
23753
22699
21649
22343
23789
21661
22783
21673
23801
22367
21757
23813
22807
21817
23873
22391
21841
23909
22963
23957
22511
21937
23981
21961
23011
22571
23993
21997
24029
22093
23059
22619
24077
22129
22153
24113
23071
22643
22189
24137
22273
24197
23131
22679
22369
24281
22381
24317
23143
22691
22441
24329
22453
24413
23167
22727
22501
24473
22549
23203
24509
22739
22573
24533
22621
23227
22751
24593
22669
24677
23251
22717
22787
24749
22741
24809
23311
22811
24821
22777
24917
22859
22861
23371
24953
22921
22871
24977
23431
22993
24989
22907
23017
25013
23539
23029
25037
22943
23041
25073
23563
23053
23003
25097
23173
23599
25121
23027
25169
23623
23197
25229
23039
23209
25253
23671
23269
25301
23063
23293
25349
23719
23473
25373
23087
23497
25409
23743
23509
23099
25457
23557
25469
23767
23581
23159
25541
23593
25577
23827
23629
23279
25589
23677
23887
25601
23689
23291
25673
23761
23899
25733
23773
23327
25793
23833
23911
23857
25841
23339
23869
25889
23971
23399
23893
25913
23917
25997
24007
23447
23929
26021
23977
24019
26141
23459
24001
26153
24049
24043
26177
23531
24061
26189
24097
24091
23567
26237
24109
26249
24121
24103
23603
26261
24133
26297
24169
24151
23627
24181
26309
24229
24223
26321
23663
24337
26357
24247
24373
23687
26393
24421
26417
24379
24469
23747
26489
24481
26501
24391
24517
23819
26513
24697
24439
26561
23831
24709
26573
24733
24499
23879
26597
24781
26633
24793
24547
24023
26669
24841
26681
24877
24571
24071
26693
24889
26717
25033
24631
24083
26729
25057
26777
25117
24691
24107
25153
26801
24763
25189
26813
24179
25237
26849
24799
25261
26861
24203
25309
26921
24847
25321
24239
26981
25357
26993
24859
25453
24251
27017
25537
24907
27077
24359
25561
27197
25609
24919
27281
24371
25621
27329
25633
24943
24407
27437
25657
27449
25693
24967
24419
27509
25717
27581
24979
25741
24443
27617
25801
25087
27653
24527
25849
27689
25111
25873
27701
24551
25933
27737
25147
25969
24611
27749
25981
27773
25171
26017
24623
27809
26029
25183
27893
24659
26041
27917
26053
25219
27941
24671
27953
25243
24683
26113
28001
26161
25303
28097
24767
26209
28109
25339
26293
28181
24851
28229
25411
26317
24923
28277
26437
25423
28289
24971
26449
28349
26497
25447
25031
26557
28409
26641
25471
28433
25127
26701
28493
26713
25579
25163
28517
26737
28541
25603
26821
25247
26833
28649
25639
26881
25307
28661
26893
28697
25747
25343
26953
28793
27061
25759
28817
25367
27073
28901
27109
25771
25391
28949
27241
27253
28961
25819
25439
27277
29009
27337
25867
25463
29021
27361
29033
25903
27397
25523
29129
27409
29153
25939
25583
27457
29201
27481
25951
25643
29297
27529
27541
29333
25999
25667
27673
29429
27697
29453
26083
25679
27733
29501
27793
26107
29537
25703
27817
29573
26119
27901
25763
29633
27961
29669
26203
27997
25799
29717
28057
26227
29741
25847
28069
29753
28081
26251
25919
29789
28201
29837
28297
26263
25931
28309
29873
28393
26347
29921
25943
28429
30029
26371
26003
30089
30113
28477
26407
26099
30137
28513
26431
30161
28537
26111
28549
30197
26479
26171
28573
30269
28597
30293
26539
26183
28621
30341
28657
26647
30389
26267
28669
30449
26683
28729
26339
30497
28753
26731
30509
26387
28789
30557
28813
26839
26399
28837
30593
26863
26423
28909
30677
28921
26947
26459
28933
30689
29017
26959
26591
30713
29077
30773
27031
26627
29101
30809
29137
27043
30869
26687
30881
29173
27067
26699
30893
29209
29221
30941
27091
26711
29269
30977
27103
29389
26723
31013
29401
31121
27127
26759
29437
31181
29473
26783
27211
31193
29569
31253
29581
26879
27259
31277
29629
31337
29641
26891
27271
29761
31397
26903
29833
27283
31469
29881
31481
26927
27367
31517
29917
26951
31541
29989
27427
30013
31601
26987
30097
27487
31649
30109
27011
31721
27583
30133
31769
30169
27059
27631
31793
30181
27107
30241
31817
27691
30253
31973
27143
30313
27739
32009
30469
27179
32057
30493
27751
32069
30517
27191
32117
27763
30529
32141
27239
30553
27799
32189
30577
27299
32213
30637
27823
32237
30649
27407
32261
30661
27847
32297
30697
27431
30757
32309
27883
27479
32321
30781
27919
32369
30817
27527
32381
30829
27943
32429
30841
27539
32441
30853
27967
27551
30937
32537
30949
32561
28027
27611
31033
32573
28051
31069
32609
27647
31081
32621
28087
31153
27743
32633
31177
32693
28099
27767
31189
32717
31237
28111
32789
27779
31249
32801
28123
31321
27791
32909
31333
32933
28183
31357
27803
32957
31393
28219
32969
27827
31477
32993
31489
28279
27851
33029
31513
33053
28351
31573
27947
31657
33113
28387
27983
31729
33149
31741
33161
28411
28019
31849
33317
31873
28447
33329
28031
31957
33353
28579
31981
28151
33377
32029
33413
28591
28163
32077
33461
32089
28603
28211
33521
32173
33533
32233
28627
28283
33569
32257
28663
33581
32341
28307
32353
33617
28687
28319
32377
33629
32401
33641
28711
28403
33713
32413
28723
28439
32497
33749
32533
33773
28759
28463
32569
33797
32653
28771
33809
28499
32713
33857
28807
28547
32749
33893
32797
28843
33941
28559
32833
34061
28867
32869
28571
34157
32917
34217
28607
32941
28879
34253
28619
33013
34301
28927
33037
28631
34313
33049
29023
34337
28643
33073
34361
29059
33181
28703
34421
33289
29131
34457
33301
28751
34469
33349
29167
28859
34589
33409
34613
29179
28871
33457
34649
33469
29191
28979
33493
34673
29251
29027
33529
34721
34757
29287
29063
34781
33577
29311
34841
29123
33589
34877
33601
29347
29147
34913
33613
33637
34949
29383
29207
33721
34961
29443
29231
33757
35069
33769
35081
29527
29243
33829
35117
29587
33889
35129
29303
33937
35141
29599
29327
33961
35153
33997
29611
35201
29339
34033
35381
29671
34057
29363
35393
34129
29683
35537
29387
34141
35573
34213
29803
29399
35597
34261
35729
29851
29411
34273
35753
34297
29863
29423
35801
34369
35837
34381
29947
29483
35897
34429
29959
35933
29531
34501
35969
34513
29983
29567
35993
34537
36017
30091
29663
34549
36137
34693
30103
29723
36161
34729
36209
30139
34849
29759
36269
34897
30187
29819
36293
34981
36341
35053
30211
29867
36353
35089
36389
30223
29879
35149
36473
35221
30259
29927
36497
35257
36629
30271
35281
30011
36653
35317
30307
30047
36677
35353
36713
35401
30319
30059
36749
35437
30367
36761
30071
35449
36809
35461
30391
30119
36821
35509
30403
36833
35521
30203
36857
35533
30427
30323
36929
35569
37013
30559
35593
30347
37049
35617
30631
30431
37061
35677
37097
35797
30643
30467
35809
37181
30703
35869
30491
37217
35977
37253
30727
30539
36013
37277
30763
36037
37313
30671
36061
37337
30859
30707
36073
37361
30803
30871
36097
37397
30839
30931
36109
37409
30851
31039
36217
30911
37493
31051
36229
30971
31063
37517
30983
36241
37529
31019
36277
37589
31123
31079
36313
31147
37649
31091
36373
31159
31139
37781
31183
36433
31151
37853
31219
31223
36457
37889
31231
31247
36469
31267
31259
37997
31327
36493
31387
31271
36529
38069
31531
31307
36541
31543
38153
36637
31319
31567
36697
38177
31627
31379
36709
31663
36721
31391
38189
31687
36781
31699
31511
36793
38201
31723
36877
31547
31771
38237
36901
31891
31583
36913
31963
38261
36973
32059
31607
36997
32083
38273
31643
37021
32119
37057
32143
31667
38321
32191
37117
32203
37189
31727
38333
32251
37201
31751
32299
37273
38393
32323
37309
31799
32359
37321
38453
32371
31847
37357
32443
37369
38501
31859
32467
37441
32479
31883
37489
38561
32491
37501
32503
31907
37537
38609
32563
37549
31991
32587
37561
38669
32611
32003
37573
32647
38693
37633
32707
32027
37657
32719
38729
32051
37693
32779
32803
37717
32063
38861
32839
37813
32887
32099
37861
32911
38873
37897
32971
32159
32983
37957
38921
33091
32183
37993
33151
38933
38053
32303
33199
33211
38993
32327
33223
38113
33247
32363
39041
33331
38149
33343
32411
39089
38197
33391
33403
32423
38281
33427
39113
38317
33487
32507
38329
33547
39161
32531
33619
38377
33679
39209
32579
38449
33703
33739
38461
32603
39233
33751
38557
33811
32687
38569
39293
33871
38593
33931
32771
39317
33967
38629
32783
34039
38653
34123
39341
38677
32831
34147
38713
34159
39461
32843
38737
34171
38749
34183
32939
39509
34231
38821
34267
32987
38833
39521
34303
32999
34327
38917
39569
34351
33023
38953
34471
39581
34483
38977
33071
34519
39097
34543
39749
33083
39133
34591
34603
39157
33107
39761
34651
39181
34687
33119
39217
39821
34747
39229
33179
34759
39857
34807
39241
33191
34819
39301
34843
39869
39313
33203
34939
39373
34963
39929
33287
35023
39397
35059
33311
39953
39409
35083
35107
33347
39541
39989
35227
39709
33359
35251
39733
40013
35311
33479
39769
35323
40037
35407
39829
33503
35419
39841
35491
40169
33563
39877
35527
39901
35671
33587
40193
35731
39937
33599
35803
40241
40009
35839
33623
40093
35851
40253
35863
40129
33647
35899
40153
40277
35911
33767
40177
35923
40289
40189
33791
35983
40213
36007
33827
40361
40237
36067
36151
40357
33851
40433
36187
40429
33863
36307
40597
40493
36319
40609
33911
36343
40693
40529
33923
36451
40801
36523
40813
40577
34019
36559
40849
40637
34031
40897
36571
40933
36583
34127
40697
40993
36607
41017
34211
36643
40709
41077
36691
34259
41113
36739
40829
41149
36787
34283
41161
40841
36847
34319
41221
36871
41233
40853
34367
41257
36919
40949
34403
41269
41281
36931
34439
40961
41341
36943
41389
34487
36979
40973
41413
37003
34499
41521
37039
41057
41593
34511
37087
41617
37123
41081
34583
41641
37159
37171
41737
41117
34607
37243
41761
37339
34631
41809
41141
37363
41893
34667
37423
41177
41941
37447
41953
34679
37483
41189
37507
34703
42013
37567
41201
37579
34739
42061
37591
41213
37663
34763
42073
37699
42157
41333
34847
37747
42169
37783
34871
41357
42181
37831
42193
37879
34883
41381
42337
37951
34919
42349
37963
41453
42373
37987
35027
38011
42397
41513
38047
42409
35051
38083
42433
41549
38119
35099
42457
38167
42577
41597
35111
38239
42589
38287
35159
42649
41609
38299
42697
38371
35171
41621
42709
38431
42793
38611
35267
41669
38671
42829
35279
38707
42841
41681
38767
42853
35291
38791
42901
41729
38803
35327
42937
38839
42961
41777
38851
35339
43093
38923
41801
35363
38959
43117
38971
43177
35423
39019
41813
43189
39043
35447
43201
39079
41849
43237
39103
35507
43261
39139
41897
39163
43321
35531
39199
43441
41957
35543
39343
43573
39367
41969
35591
43597
39439
43609
39451
35603
41981
43633
43669
35747
39499
42017
43717
35759
39511
43753
42089
43777
35771
43789
39607
42101
43801
35831
39619
43933
42197
39631
35879
42209
35951
39667
43969
39679
35963
42221
44017
39703
44029
35999
39727
42257
44041
39799
36011
44053
42281
39847
44089
36083
39883
44101
42293
39979
36107
44221
40039
42437
36131
40063
44257
44269
42461
36191
44281
36251
42473
44293
36263
44389
42509
40087
44449
36299
42533
36383
44497
42557
44533
36467
42569
44617
36479
44641
42641
44701
36527
40099
44773
42677
36551
40111
44797
44809
36563
42689
40123
44893
36587
42701
44917
40231
36599
44953
40351
42737
45013
36671
40387
42773
36683
40423
45061
42797
40459
36767
40471
42821
36779
45121
40483
36791
42929
40507
36887
45181
42953
40519
45289
36899
40531
42989
45337
40543
36923
45361
40591
43013
40627
45433
36947
40639
43037
45481
37019
40699
40759
43049
37139
40771
45541
40819
43133
37199
45553
40867
37223
40879
43313
45589
40903
37307
40927
43397
45613
40939
37379
41011
45673
43457
41023
37463
45697
41047
43481
37511
45757
41131
43517
45817
41143
37547
45841
41179
43541
37571
45853
41203
45949
37607
43577
41227
46021
41263
37619
43613
46093
41299
37643
41443
46141
43649
41467
37691
41479
43661
46153
41491
37799
41539
43721
41611
46237
37811
41647
46261
43781
37847
41659
46273
41719
37871
43793
46309
41851
41863
46381
37907
43853
41887
46441
41911
37967
43889
41947
46477
37991
41959
46489
43913
41983
38039
46549
42019
43961
46573
42043
38183
42139
46633
43973
42187
46681
38219
42223
46861
43997
38231
42283
46933
42307
46957
38303
44021
42331
46993
42379
38327
47017
44129
42391
47041
42403
38351
47137
42451
44189
42463
38447
47149
42487
44201
47161
38459
42499
47221
42571
44249
47269
38543
42643
47293
42667
44273
38567
47317
42703
42727
47353
44357
38603
42751
47389
42787
38639
44381
47497
42859
47521
38651
42943
44417
47533
42967
47569
38699
42979
44453
47581
43003
38711
47629
43051
44501
47653
43063
38723
47701
43159
44537
38747
43207
47713
43291
47737
44549
38783
43399
47797
43411
47809
44621
38867
43543
47857
43579
38891
44633
47869
43591
47881
38903
43627
44657
47917
43651
47977
39023
43711
44729
48049
43759
39047
48073
43783
44741
48109
43867
39107
43891
48121
44753
39119
43951
48157
43963
48193
44777
39191
43987
48313
44059
44789
39227
48337
44071
48397
44119
39239
44909
48409
44131
48481
39251
44179
45053
48541
44203
39323
48589
44263
45077
44371
48649
39359
44383
48661
45137
44491
39371
48673
44563
45161
48733
39383
44587
48757
44623
45197
48781
39419
44647
48817
44683
45233
39443
48889
44839
48973
44851
39503
45281
49009
44887
39551
49033
44959
45293
49057
44971
39563
49069
44983
45317
45007
49081
39623
45127
49117
45329
45139
39659
49177
45247
45341
49201
39671
45259
49261
45307
45377
49297
39719
45319
49333
45343
45389
39779
49369
45403
49393
39791
45427
45413
49417
45439
39827
49429
45523
45497
49477
45631
39839
49537
45667
45533
49549
45691
39863
45557
45751
49597
39887
45763
49633
45569
45823
49669
39971
45943
49681
45641
45979
39983
49741
46027
49789
45677
40031
46051
49801
46099
40127
49921
45737
46147
49957
46171
40151
45821
49993
46183
50053
46219
40163
45833
46279
50077
40283
46327
45869
50101
40343
46351
50221
45893
46399
40427
50329
46411
45953
46447
50341
40487
46471
50377
45989
46507
40499
50461
46567
46049
40559
50497
46591
46639
50581
40583
46061
46663
50593
46687
40739
46073
50773
46723
40751
46747
50821
46133
46771
50833
40763
46807
50857
46181
46819
40787
50893
46831
46229
50929
46867
40823
50989
47059
46301
51001
40847
47119
51061
47143
46337
40883
51109
47251
51133
47287
46349
41039
51157
47407
51169
41051
47419
46457
51193
47431
41183
47491
51217
46589
47527
51229
41231
47563
46601
51241
47599
41243
51349
47623
46649
51361
41351
47659
51421
47743
46757
41387
51481
47779
51517
46769
47791
41399
51577
47911
51613
46817
41411
47947
51637
48079
41507
46829
51673
48091
51721
48163
41519
46853
48187
51769
41543
48247
51817
46877
48259
51829
41579
48271
51853
46889
48463
41603
51913
48487
46901
51949
48523
41627
51973
48571
46997
52009
41651
48619
52021
48679
47057
41687
52057
48751
52069
47093
48787
41759
52081
48799
41771
47129
52153
48823
52177
48847
41843
47189
48859
52189
48871
41879
52201
47237
48883
52237
41903
48907
52249
47297
48991
52321
41927
49003
52369
47309
49123
41999
52453
49171
47381
52489
42023
49207
52501
49279
47417
42071
52561
49339
52609
49363
47441
42083
52813
49411
52837
49459
42131
47501
52861
49531
42179
52957
47513
49603
52981
49627
42227
47609
49639
53017
49663
42239
53077
47657
49711
53089
42299
49747
47681
53101
49783
42323
53113
49807
47717
49831
53149
42359
49843
53161
47741
42407
49891
53173
49927
53197
47777
42443
49939
53233
49999
42467
53269
47837
50023
53281
42491
50047
47933
53353
50119
53377
42611
50131
47969
53401
50227
42683
53437
50263
47981
53569
50287
42719
53593
48017
50311
42743
53617
50359
48029
53629
50383
42767
53653
50503
48197
42839
50527
53773
50539
53857
48221
42863
50551
53881
50587
42899
53917
48281
50599
54001
42923
50647
48341
54013
50671
54037
43019
50683
48353
54049
50707
43067
54121
50767
48413
54133
50839
43103
54181
48437
50923
43151
54193
50971
48449
54217
51031
43223
54277
51043
48473
54361
51151
43271
51199
54409
48497
43283
51283
54421
51307
54469
48533
43319
51343
54493
51427
43331
54517
48593
51439
54541
43391
51487
48677
54577
51511
54601
43403
51607
48761
54673
51631
43427
54709
48809
51679
54721
43451
51691
54829
48821
51787
43487
54877
51859
48857
54949
51871
43499
54973
51907
48869
43607
55009
51991
55021
52027
48953
43691
55057
52051
52147
55117
43787
48989
52183
55201
43943
52267
49037
55213
52291
55249
43991
49109
52363
55333
52387
44027
55381
49121
52543
55441
44087
52567
49157
55501
52579
44111
55609
52627
49169
55621
52639
44123
55633
49193
52711
44159
55681
52747
49253
52783
55717
44171
52807
55813
49277
44207
52879
55837
52903
55849
49409
44267
52951
55897
52963
44279
49433
55921
52999
55933
44351
49481
53047
56041
53239
44483
56053
49529
53299
56101
53323
44507
56113
49613
53359
56149
44519
53407
49697
56197
53419
44531
56209
53479
49757
44543
53503
56269
49853
53527
56377
44579
53551
56401
49877
44651
53611
56437
56473
53623
49937
44687
56509
53719
44699
50021
56533
53731
56569
44711
53791
50033
56629
53887
44771
50069
56701
53899
44819
56713
50093
53923
56737
44843
53959
56773
50129
44867
56809
54091
56821
50153
54139
44879
56857
54151
50177
56893
44927
54163
56929
50261
44939
56941
54319
56989
44963
50273
54331
57037
44987
50321
57073
54367
57097
45083
54403
50333
57193
54499
45119
50417
57241
54547
45131
57301
54559
50441
57349
54583
45179
54631
57373
50513
45191
54667
57397
54679
57457
50549
45263
54727
57493
54751
50741
45491
57529
54787
57601
45503
54799
50753
57637
54907
45587
57649
50777
54919
57697
54979
45599
50789
57709
55051
45659
57781
55147
50849
55171
57793
45707
55207
57829
50873
55219
45767
57853
55243
50909
57901
45779
55291
57973
55339
50957
45827
58057
55351
58129
50969
55399
45863
58153
55411
50993
45887
58189
55579
55603
58237
45959
51137
55639
58309
55663
45971
58321
51197
55711
58369
46091
55807
51257
58393
55819
46103
58417
55843
51329
58441
55903
46187
51341
58453
51413
58477
46199
55927
51437
58537
46271
51449
55987
58549
46307
51461
56131
58573
46439
51473
56167
46451
58657
51521
46499
58693
51581
56179
46511
51593
58741
46523
56239
51713
58789
46559
56263
51749
46619
58897
56299
51797
46643
58909
46679
51869
56311
58921
46691
51893
56359
46703
59029
51929
56383
46727
51941
59053
56431
46751
51977
59077
56443
46811
52121
59113
46919
56467
52181
47051
56479
59149
52253
47087
56503
59197
52289
47111
56527
59209
52301
47123
56599
59221
47147
52313
56611
47207
52361
59233
47279
56659
52433
59281
47303
56671
52457
59341
47339
52517
56731
47351
59377
52529
56767
47363
59473
52541
56779
47387
59497
52553
47459
56827
59509
52673
47507
56911
47543
52697
59557
56923
47591
52709
59581
56983
47639
52721
59617
57139
47699
52733
59629
47711
57163
52757
47807
59797
57223
52769
47819
59809
57259
52817
47843
59833
52889
57271
47903
52901
57283
59929
47939
52937
47951
57331
60013
47963
52973
57367
60037
48023
53069
57427
60133
48119
53093
57487
48131
60169
53117
57559
48179
60217
53129
48239
57571
53189
60289
48299
57667
53201
60337
48311
57679
53309
48371
60373
57727
53381
48383
60397
57751
53441
48407
60457
48479
53453
57787
60493
48491
53549
57847
48527
60589
53597
57859
48539
60601
53609
57943
48563
53633
60637
57991
48611
53657
60649
58027
48623
53681
48647
60661
58099
53693
48731
60733
58111
53717
48767
60757
58147
53777
48779
58171
60793
53813
48947
58207
60889
49019
53849
58231
49031
53861
60901
49043
58243
53897
60913
49103
58363
53993
60937
49139
54101
58411
60961
49199
54269
58543
49211
61057
54293
58567
49223
61129
54377
49307
58579
61141
54401
49331
58603
61153
49367
54413
58687
49391
54437
61261
58699
49451
54449
61297
58711
49463
54497
61333
58771
49499
54521
61357
49523
58831
54581
49547
61381
58963
54617
49559
61417
59011
54629
49667
61441
59023
54713
49727
54773
49739
61561
59083
49787
54833
59107
61609
49811
54869
59119
61657
49823
54881
59167
61681
49871
54917
59239
61717
49919
54941
59263
49943
61729
55001
49991
59359
61813
55049
50051
59407
55061
61837
50087
59419
55073
61861
50111
59443
61909
50123
55109
59467
61933
50147
59539
55217
50159
61981
59611
55229
50207
62017
59659
55313
50231
62053
59671
50291
55337
62137
50363
59707
55373
62233
50387
59743
55457
50411
62401
59779
55469
50423
62473
59791
55529
50459
62497
59863
55541
50543
50591
62533
59887
55589
50627
55661
59971
62581
50651
55673
60091
62617
50723
55697
60103
62653
50867
55721
60127
50891
62701
55733
60139
50951
62761
55793
51047
60223
62773
55817
51059
60259
55829
62869
51071
60271
55889
62929
51131
60331
55901
51203
62989
60343
55949
51239
63073
60427
55997
51263
63097
56009
51287
60607
63241
51347
56081
60631
51383
56093
63277
60679
51407
56237
63313
60703
51419
56249
63337
60727
51431
56333
60763
63361
51479
56369
51503
60811
63397
56393
51539
60859
63409
56417
51551
60919
63421
56453
51563
60943
63493
51599
56477
61027
51647
63541
56489
61051
51659
56501
63577
51683
61099
56597
63589
51719
61231
56633
63601
51767
56681
61291
51803
63649
56813
61339
51827
63697
56873
61363
51839
63709
56897
51899
61471
63781
56909
51971
61483
56921
52067
63793
61507
52103
56957
63841
61519
52127
56993
63853
61543
52163
57041
63901
52223
61603
57077
52259
63913
61627
57089
52379
63949
61651
57149
52391
63997
57173
61687
52511
64033
57221
61723
52571
57269
64081
52583
61819
57329
52631
64153
61843
57389
52667
61879
64189
57413
52691
61927
64237
52727
57557
61987
64333
52859
57593
62011
52883
64381
57641
62047
52919
64453
57653
52967
62071
57689
64489
53003
62119
57713
64513
53051
62131
57737
64609
53087
62143
57773
64621
53147
62191
57809
53171
64633
62299
57881
53231
64693
57917
62311
53267
64717
57977
62323
53279
64849
58013
53327
62347
53411
58049
64921
62383
53507
58061
64969
62467
53591
58073
65029
62539
53639
58109
65053
62563
53699
58169
65089
62659
53759
58193
53783
62683
65101
58217
53819
62731
65173
58229
53831
62743
65257
58313
53891
62791
58337
65269
53927
62827
58481
53939
65293
62851
53951
58601
65353
53987
58613
62971
65413
54011
58661
62983
65437
54059
58733
63031
54083
65449
58757
63067
54167
65497
58889
63079
54251
65521
58901
63103
54287
58913
65557
63127
54311
58937
65581
54323
63199
58997
54347
65617
63211
59009
54371
65629
63247
59021
54419
65677
63331
59069
54443
63367
65701
59093
54503
63391
54539
59141
65713
54563
63439
59273
65761
54623
63463
59333
65809
54647
63487
59357
65881
54767
59369
63499
54779
65929
59393
63559
54851
66037
59417
63607
54959
59441
66109
63667
54983
59453
66169
55079
63691
59513
55103
66301
63703
59561
55127
63727
66337
59621
55163
63799
66361
55259
59669
63823
55331
66373
59693
63907
55343
59729
66457
55439
64063
59753
66529
55487
64123
59921
66541
55511
64171
59957
55547
66553
59981
64231
55619
66601
60017
64279
55631
60029
66697
64303
55667
60041
66721
55691
64327
60077
55763
64399
66733
60089
55787
64483
66841
60101
55799
64567
66853
60149
55823
64579
55871
66877
60161
64591
55931
60209
66889
64627
55967
60257
66949
56003
64663
60293
66973
56039
64747
60317
56087
67021
64783
60353
56099
67033
64879
60413
56123
67057
64891
60449
56171
60497
67129
64927
56207
60509
56267
64951
67141
60521
65011
67153
56519
65071
56531
67189
60617
56543
65119
67213
60689
56591
65167
67261
60737
65179
56663
67273
60761
56687
65203
67369
60773
56711
65239
56747
67429
60821
65287
56783
67453
65323
56807
60869
67477
65371
56843
60917
65407
56891
67489
60953
56951
65419
67537
56963
61001
65479
67741
56999
65539
61121
67777
57047
65551
61169
67789
57059
65563
61253
57107
67801
65587
57119
61409
67933
57131
65599
67957
61469
57143
65647
67993
57179
61493
65707
68041
57191
61553
65719
57203
68053
61613
65731
57251
68113
61637
65827
57287
68161
65839
57347
68209
61673
57383
65851
68281
57467
61757
65899
68329
57503
65983
61781
57527
68389
66067
57587
61949
68437
66103
57719
61961
68449
57731
66271
68473
57791
62057
66343
68521
57803
62081
66403
57839
68581
66463
62129
57899
68713
57923
66499
62141
68737
57947
66523
62189
58031
68749
66571
58043
62201
68821
66643
58067
62213
68881
66739
58151
62273
68917
58199
66751
62297
58211
69001
66763
62417
58271
69061
62477
66883
58367
62501
69073
66919
58379
62549
69109
66931
58391
62597
66943
69193
58403
62633
58427
67003
69313
62753
58439
67219
69337
62801
58451
67231
69457
62861
58511
67339
62873
58631
69481
62897
58679
67399
69493
58727
62921
67411
69661
58763
62969
67447
69697
58787
62981
67531
69709
58907
63029
67567
58943
69829
63113
58967
67579
63149
69877
58979
67651
63197
69997
58991
63281
67699
59051
70009
63317
67723
59063
70117
63353
67759
63377
70141
59123
67783
59159
63389
70177
67807
59183
63473
70201
67819
59207
63521
70237
59219
67843
63533
70249
59243
67867
63617
59351
70297
63629
67891
59387
70309
63689
67927
59399
63737
70321
67939
59447
63761
70381
59471
67987
63773
59567
70393
68023
63809
59627
70429
68059
63857
59651
68071
70489
63929
59663
68227
70501
63977
59699
68239
70537
64013
59723
59747
64037
68311
70549
59771
64109
68371
70573
59879
64157
68443
70621
59951
64217
68491
70657
59999
64301
68539
60083
70717
64373
60107
68611
70729
64433
60167
68659
70753
64553
60251
68683
70849
64577
60383
68743
64601
70921
60443
64613
68767
60527
70957
64661
60539
68791
70969
64709
60611
68863
70981
60623
64781
68899
71089
60647
64793
68947
71161
60659
64817
69019
60719
71209
64853
60779
69031
64877
71233
60887
69067
64901
71257
60899
64937
69127
71293
60923
64997
69151
71317
61007
65033
69163
61031
71329
65129
69247
61043
71341
65141
69259
61091
65213
71353
61151
69379
65309
71389
61211
69403
65357
61223
71413
69427
65381
61283
71437
69439
65393
61331
71473
69463
65537
61343
71569
61379
65609
69499
71593
61403
65633
69691
61463
71713
65657
69739
61487
71761
65717
69763
61511
65729
71809
69847
61547
65777
71821
61559
69859
65789
61583
71881
69931
61631
65837
69991
71917
61643
65921
70003
71941
61667
65957
61703
70039
72073
65981
61751
70051
72109
65993
61871
70099
72169
66029
61967
70111
66041
72229
61979
70123
66089
72253
61991
70183
66137
62003
72277
62039
66161
70207
72313
62099
66173
70327
72337
62171
66221
70351
72421
62207
70423
66293
72469
62219
62303
72481
70459
66377
62327
72493
62351
72577
70507
62423
66413
72613
62459
70627
72649
62483
66449
62507
72661
62591
70639
72673
66509
62603
72733
62627
70663
66533
72817
62639
62687
72889
70687
66569
62723
72901
62819
72937
66593
62903
70783
72949
62927
72973
62939
66617
70843
62987
72997
63059
66629
73009
70867
63131
73141
63179
66653
73189
70879
63299
63311
73237
66701
63347
70891
73309
63419
73369
66713
63443
70951
73417
63467
73453
66749
63527
70999
73477
63587
66797
63599
73561
71011
63611
73597
63647
66809
73609
63659
71023
73681
63671
66821
73693
63719
71059
63743
73849
66977
63803
73897
71119
63839
67049
74017
63863
74077
64007
71143
67061
74101
64019
64067
74149
71167
67073
64091
74161
64151
74197
71191
64187
67121
74209
64223
71263
64271
74257
67157
64283
74293
64319
71287
67169
74317
64403
74353
64439
71347
67181
64451
74377
64499
74413
67217
71359
64667
74449
64679
74509
67289
71419
64763
74521
64811
67349
64871
71443
74653
64919
74713
67409
65003
71479
74761
65027
74797
67421
65063
71503
74821
65099
65111
74857
67433
71527
65123
74869
65147
67481
74929
71551
65171
74941
65183
67493
75013
65267
71563
65327
75037
67577
65423
75109
71647
65447
75133
67589
65519
71671
75169
65543
67601
75181
65579
71707
75193
65651
67709
65687
75217
71719
65699
75253
67733
65831
75277
65843
71887
75289
67757
65867
75337
65927
71899
67829
75541
65951
75553
65963
71947
67853
66047
75577
66071
75709
71971
67901
66083
75721
66107
75781
71983
67961
66179
75793
66191
75853
72019
68141
66239
75913
66347
68213
72031
66359
75937
66383
75997
68261
72043
66431
76081
66467
76129
68477
66491
72091
76213
66587
68489
76249
66683
72103
66791
76261
68501
66851
76333
72139
66863
76369
68597
66923
72211
76441
66947
76537
68633
66959
72223
76561
67043
68669
76597
67079
72271
67103
76717
68729
67139
76753
72307
67187
76777
68777
67211
76801
72367
67247
76837
68813
67271
72379
76873
67307
68897
77017
67343
72547
67391
77029
68909
67427
77041
67499
72559
77101
68993
67511
77137
72643
67523
69029
77269
67547
72679
77317
67559
69149
72727
67607
77377
69197
72739
67619
72763
77509
67631
69221
72823
67679
77521
72859
69233
67751
72871
67763
77557
72883
67883
69257
77569
72907
67931
72931
67943
69317
73039
67967
77617
73063
67979
69341
73243
68087
77641
68099
73291
69389
68111
73303
77689
68147
73327
69401
68171
73351
77713
68207
69473
73363
68219
73387
77761
68279
69497
73459
68351
73471
77773
68399
73483
69557
68447
77797
73651
68483
73699
68507
69593
77893
73771
68531
73783
68543
69653
68567
73819
77929
68639
73867
69677
68687
73939
77977
68699
73951
69737
68711
73999
78049
68771
69761
74047
68819
74071
78121
68879
69809
74131
68891
74143
78157
68903
69821
74167
68927
74203
78193
68963
69833
74287
69011
74311
69119
78229
69857
74323
69143
69191
74383
78241
69929
69203
74419
69239
74527
78277
69941
69263
74551
69371
74587
78301
70001
69383
74611
69431
74623
70061
78517
69467
74707
69491
74719
70121
78541
69539
74731
69623
70157
74779
78553
69767
74827
69779
70181
74887
78577
69827
74923
69899
70229
74959
69911
78649
75079
69959
70241
75211
70019
78697
75223
70067
70289
75307
70079
78721
75367
70139
70313
75391
70163
78781
75403
70199
70373
70223
75511
78853
70271
75571
78877
70379
75583
70439
70457
75619
78889
70451
75679
70487
70481
75703
78901
70571
75787
70583
79153
75883
70607
70529
75931
70619
79201
70667
75967
70589
70823
75979
79273
70919
70709
75991
70979
76003
79309
70991
76039
70769
71039
76099
79333
71147
76123
70793
71171
76147
79357
71327
76159
70841
71339
76207
79393
71363
76231
70853
71387
76243
71399
79537
70877
76303
71411
71471
76387
79549
70901
71483
76423
71663
76471
79561
70913
71699
76507
71711
76519
70937
79609
71807
76543
71843
76579
70949
79621
71867
76603
71879
76651
70997
71963
79633
76771
71987
71069
76819
71999
79657
76831
72047
76963
71081
72167
79669
77023
72227
71129
77047
72251
79693
72287
77167
79777
72383
77191
71153
72431
77239
79801
72467
71237
77263
72503
77323
79813
72551
77347
71249
72623
79861
77359
72647
71261
77383
72671
79873
77419
72707
71333
72719
77431
80077
72767
77479
71429
72911
77491
80149
72923
77527
71453
72959
77551
80173
73019
77563
71537
73043
77587
80209
73079
77611
71549
73091
77647
80221
73127
77659
71597
73259
77719
80233
73331
77731
71633
73379
77743
80317
73523
77839
71693
73547
77863
80329
73571
77899
71741
73583
77983
80341
73607
71777
78007
73643
78031
73679
80449
71789
78079
73727
78139
73751
80473
71837
78163
73823
78259
73847
71849
80557
78283
73859
78307
71861
73883
80629
78367
73907
71909
73943
78427
80677
74027
78439
71933
74051
78487
80701
74099
78511
71993
74159
78571
74219
80713
78583
72053
74231
78607
74279
80737
78643
72077
74363
78691
74411
80749
72089
78787
74471
78823
74507
72101
80761
78919
74531
78979
72161
74567
80809
79039
74687
79063
72173
74699
80833
79087
74747
72221
79111
74759
80917
79147
74771
72269
79159
74831
80929
79231
74843
72341
79279
74891
79399
80953
74903
72353
79411
75011
79423
80989
75083
72461
79531
75167
81001
79579
75227
72497
79627
75239
81013
75323
79687
72533
75347
79699
81049
75407
79843
72617
75431
79867
81097
75479
79903
72689
75503
79939
81157
75527
72701
79987
75539
79999
81181
75611
72797
80071
75659
80107
72869
75683
81349
80167
75707
80191
72893
75731
81373
80239
75743
72953
80251
75767
81409
80263
75983
72977
80287
76031
81421
80347
76079
73013
80407
76091
81457
80491
76103
73037
80527
76163
81517
80599
76259
73061
76283
80611
81553
73121
76343
80671
76367
80683
73133
81637
76379
80779
76403
80803
73181
81649
76463
80863
76487
73277
80911
81769
76511
80923
76607
73361
81019
81817
76631
81031
73421
76667
81043
81853
76679
73433
81163
76847
81901
81199
76871
73517
76883
81223
81937
76907
81283
76919
73529
81973
81307
76943
81331
82009
73553
81343
76991
81439
77003
73589
82021
81463
77171
73613
81547
77243
82129
81559
77267
73637
82141
81619
77279
77291
81667
73673
82153
77339
81703
77351
81727
73709
82189
77447
81799
77471
73721
81847
82237
77543
81883
77591
81919
73757
82261
77687
81931
77699
73877
81943
82393
77711
81967
73961
82003
77723
82549
82039
77747
73973
82051
77783
82561
82171
77867
74021
77951
82183
82609
74093
77999
82207
82633
74177
78059
82219
82657
74189
78167
82231
74201
82729
78179
82267
74297
82813
78191
82279
82837
78203
74357
82339
82981
78311
74381
82351
83077
78347
74441
82387
74453
78467
83089
82471
74489
78479
83101
82483
74561
78539
83137
82507
74573
78623
83221
82531
74597
78707
83233
74609
82567
78779
83257
74717
82591
78791
83269
74729
78803
82651
83341
74861
78839
82699
83389
74873
78887
82723
74897
83401
79031
82759
74933
83437
79043
75017
82891
83449
79103
75029
82903
83497
79139
75041
82939
83557
79151
75149
82963
79187
83617
75161
83023
79259
83641
75209
79283
83653
83047
75269
79319
75329
83059
83689
79367
75353
83071
83701
75377
79379
83203
83737
75389
79427
83761
83227
75401
79451
83773
83299
75437
79559
83833
75521
83311
79631
83857
75533
83383
79691
75557
83869
83407
79811
75617
84061
79823
83431
75629
84121
79847
83443
75641
84181
79907
83563
75653
79943
84229
83719
75689
79967
84313
83791
75773
79979
84349
75797
83911
80039
75821
84421
83983
80051
75833
84457
84067
80111
75869
84481
84127
80147
75941
84589
84163
80207
75989
84649
80231
84199
76001
84673
80279
76157
84211
84697
76253
80363
84223
84793
76289
80387
84247
76421
80447
84913
84307
76481
80471
84961
84319
76493
80567
85009
84391
76541
80603
85021
84463
76649
80627
85081
76673
84499
80651
76697
85093
84523
80687
76733
85201
84559
80747
76757
85213
84631
80783
76781
85237
84691
80819
76829
85297
84751
80831
76913
85333
80963
84787
76949
85369
81023
76961
84811
85381
81047
77069
84859
85429
81071
77081
84871
81083
85453
77093
84919
81119
77141
85513
84967
77153
81131
85549
84979
77201
81203
85597
84991
77213
81239
85621
77237
85027
81299
85669
77249
81359
85087
85717
77261
81371
85147
85837
77369
81527
85159
85909
77417
81551
85243
81563
85933
85303
77477
81611
85363
81647
86017
77489
85411
81671
85447
81707
86029
77513
85531
81839
85627
81899
77549
86077
85639
81971
85711
86113
82007
85819
77573
82031
85831
82067
86137
77621
85843
82139
86161
85903
82163
85999
86197
82223
77681
86011
82307
86083
86209
82463
77801
86131
82487
82499
86257
86143
77813
82559
86179
82571
86269
86239
77849
82619
86263
82727
77933
86293
86287
82763
86311
82787
77969
86341
86323
82799
86371
78017
82811
86353
86467
82847
86491
78041
82883
86389
86539
83003
78101
86587
83063
86413
86599
83207
78137
83219
86719
86461
83231
86743
78173
83243
86767
86509
83267
78233
83339
86851
86533
78317
83399
83423
78341
83459
86629
86923
83471
78401
83579
86677
86959
83591
87103
78437
83639
86689
87151
83663
78497
87187
83843
86857
83891
78509
87211
83903
86869
87223
83939
78569
83987
87403
86929
78593
84011
87427
84047
87511
87013
78653
84059
87523
84131
87547
87037
78713
84143
87559
84179
87049
87583
78737
84191
87631
84239
87121
87643
78797
84263
87679
84299
87133
87691
78809
84347
87739
84407
87181
78857
87751
84431
87811
84443
78893
87253
87931
84467
87943
84503
78929
87277
87991
84551
88003
78941
84659
87313
88327
84719
78977
88339
84731
87337
88411
84827
78989
84947
88423
87421
85091
88471
79133
85103
88591
87433
85199
88651
79181
85223
88663
87481
85247
79193
88747
85259
88771
87517
79229
85331
88807
85427
88819
79241
87541
85439
88843
85451
88867
79301
87553
85487
88903
85523
79337
88951
87589
85571
89071
85607
79349
89083
87613
85619
89107
85643
79397
89119
87649
85667
89203
79433
85691
89227
85703
87697
79481
89371
85751
89431
87721
85847
79493
89443
85931
87793
89491
85991
79589
89527
86027
87853
89563
86111
79601
89599
86171
87877
89611
79613
86183
86243
89659
87961
79697
86291
89671
86351
89767
87973
86399
79757
89779
88069
86423
89839
79769
86531
89899
88093
86579
79817
89923
86627
89959
86711
88117
79829
86771
89983
86783
88129
90007
79841
86843
90019
86927
88177
79889
90031
86939
90067
86951
79901
88237
90127
87011
88261
90163
87071
79973
88321
90187
87083
79997
88513
90199
87107
80021
88609
90247
87119
80141
88657
90271
87179
80153
88681
90379
87251
80177
88729
90403
87299
80273
88741
90439
87323
80309
88789
80369
90499
87359
88801
80429
87383
90511
88813
80489
87407
90523
88861
80513
87443
90547
80537
88873
87491
80621
88897
90583
87539
80657
88969
87587
90619
80669
88993
87623
90631
80681
89017
87671
90679
80777
89041
87683
90703
80789
89101
87719
90787
80849
89113
87743
80897
90823
89137
87767
80909
90847
89209
87803
80933
90907
89269
81017
87887
90931
81041
89293
87911
91099
81077
89317
87959
91159
81101
89329
88007
91183
81173
89413
88019
91243
81197
89449
88079
81233
91291
88211
89521
81281
91303
88223
89533
81293
91387
88259
89653
81353
91411
88379
89689
81401
91423
88427
89797
81509
91459
88463
89809
81533
91591
88499
89821
81569
91639
88523
89833
81629
91711
88547
89917
81677
88607
91771
81689
89977
88643
81701
89989
91807
88667
81737
90001
91867
88799
81749
90073
91939
88811
81761
90121
88883
81773
91951
90217
88919
81869
90289
92083
89003
81929
90313
92107
89051
81953
90373
89087
82013
92119
90397
82037
89123
92143
90469
82073
89231
90481
92179
82193
89303
90529
82217
89363
92203
90697
82241
89387
92227
90709
82301
89399
92251
90793
82349
89459
82361
92311
90841
89519
82373
90901
92347
89567
90997
82421
92383
89591
91009
82457
89603
92419
82469
91033
89627
92431
82493
91081
89759
92467
82529
91129
89783
82601
92479
91141
89819
82613
91153
92503
89867
82721
91237
92551
89891
82757
91249
89939
92623
82781
91297
89963
82793
92647
91309
90011
82889
92671
91369
90023
82913
92683
91381
90059
82997
91393
92707
83009
90071
83093
91453
92767
90107
83117
91513
90191
92779
83177
91573
90203
92791
83273
91621
90227
83357
92863
91753
90239
83417
91801
92899
90263
83477
91813
92959
90359
83537
91837
90371
93103
83561
91873
90407
83597
93139
91909
90527
83609
93151
91921
83621
90599
91957
93187
90647
83717
91969
93199
90659
83777
92041
93283
83813
90731
92077
83873
90803
93307
92173
83921
90863
93319
92221
90887
83933
93427
92233
83969
90911
92269
93463
84017
90947
92317
93487
84053
90971
92353
84089
93523
91019
92377
84137
91079
93559
92401
84221
91127
93607
92413
84317
91139
93703
84377
92461
91151
84389
92557
93739
91163
84401
92569
93763
91199
84437
92581
91283
93787
84449
92593
91331
84509
93811
92641
91367
84521
93871
92737
91463
84533
92761
93967
91499
84629
92809
93979
84653
91571
92821
84701
91583
94063
92857
84713
91631
94099
92893
84737
91691
94111
92941
84761
91703
93001
94207
84809
91811
93097
94219
84857
91823
93133
84869
91943
94291
93169
84977
91967
94327
85037
93229
92003
94351
93241
85049
92051
94399
85061
93253
92111
85109
93337
94447
92219
85121
93481
92243
94483
85133
93493
92363
94531
85193
93529
92387
85229
94543
93553
92399
85313
94603
93601
92459
85361
93637
94651
92507
85469
93889
94687
92567
85517
93901
94723
85577
92627
93913
85601
92639
94747
93937
85661
92699
94771
93949
85733
92723
94819
93997
85781
92831
94903
85793
94009
92867
94951
85817
94033
92927
85829
94057
94999
92951
85853
94117
95071
92987
85889
94153
93047
95083
86069
94201
93059
95107
86117
94261
93083
95131
86201
94273
93131
86249
95143
94309
93179
86297
94321
95191
93239
86357
94441
93251
95203
86369
94477
93263
95239
86381
94513
93287
86441
95287
94561
93323
86453
95311
94573
93371
86477
94597
95383
93383
86501
94621
93407
86561
95419
94693
86573
93419
95443
86693
94777
93479
95467
86729
94789
93491
86753
95479
94837
93503
86813
94849
95527
93563
86837
94873
93683
95539
86861
94933
93719
95707
86969
94993
93827
86981
95731
95089
93851
86993
95791
93887
95101
87041
95803
93911
95233
87149
93923
95911
87221
95257
93971
95923
93983
95317
87257
94007
95947
94079
95401
87281
94151
95959
87293
94307
95413
87317
95971
94331
95461
87473
94343
95569
96043
87509
94379
95581
87557
94427
96079
95617
87629
94439
95629
96199
87641
94463
95701
87701
94547
96211
95713
87797
94559
95737
87833
96223
94583
87869
95773
94727
96259
87881
95857
94811
96331
87917
95869
94823
87977
95881
96451
94847
88001
95917
94907
88037
95929
96487
95003
88169
95989
95027
88241
96643
96001
95063
88289
96013
96667
95087
88301
96097
95111
88337
96703
96157
88397
95219
96181
96739
88469
95231
96289
96763
95267
88493
96337
96787
95279
88589
96457
95327
88661
96799
96469
95339
88721
96493
96823
95471
88793
96517
96847
95483
88817
96553
96907
88853
95507
96589
88937
95531
96931
96601
88997
95603
96661
89009
96979
95651
89021
96697
95723
97003
89057
96757
95747
89069
97039
96769
95783
89153
96973
97159
95819
89189
96997
97171
95891
89213
97021
97231
95987
89237
97081
97303
96059
89261
97117
97327
96167
89273
97177
96179
89381
97387
97213
89393
96263
97369
89417
96323
97423
97381
89477
96419
97459
97429
89501
96431
97441
89513
96443
97579
97453
89561
96479
97501
89597
96527
97651
97549
89633
96587
97687
97561
89657
96671
97609
97711
89669
96731
89681
97729
96779
97771
89753
97777
96827
89849
97789
97843
96851
89897
97813
96911
89909
97879
97849
96959
90017
97861
97927
97007
90053
98017
90089
97103
97987
98041
90149
97127
98101
98011
90173
97151
98221
90197
97187
98047
98257
90281
97259
98143
98269
90353
97283
98179
90401
98317
98227
90437
97367
98377
90473
98251
97379
98389
90533
98299
97463
98473
90617
98323
97499
98533
90641
98641
97511
98347
90677
98689
97523
98407
90749
98713
97547
98419
90821
98737
97571
98443
90833
98773
97583
90917
98809
97607
98467
90977
98869
90989
97787
97847
91097
91121
98893
97859
98929
97871
91193
98479
91229
98953
98491
97883
91253
99013
91373
97919
98563
91397
97931
99109
91433
97943
98731
91457
97967
99133
91493
98779
98123
91529
99181
98207
91541
98887
91577
98327
99241
91673
98387
98899
91733
98411
99277
91757
98911
98459
91781
98507
99289
91841
98947
98519
91961
98543
99349
91997
99079
98627
92009
99397
98639
99103
92033
99409
99139
99469
98663
92153
99223
99529
99259
99577
98711
92177
99367
99661
99391
92189
98807
99709
99439
99721
99487
92237
98867
99733
99523
99793
92297
99559
98927
99817
99571
99829
92333
99607
98939
99877
99643
92357
99901
98963
99667
99961
92369
99679
98999
92381
99787
99023
92489
99823
99083
92657
99859
99119
92669
99871
99131
92681
99907
99191
92693
99991
99251
92717
92753
99347
92789
99371
92801
99431
92849
99527
92861
99551
92921
99563
92957
99611
92993
99623
93053
99707
93077
99719
93089
99767
93113
99839
93257
99923
93281
99971
93329
93377
93497
93557
93581
93629
93701
93761
93809
93893
93941
94049
94109
94121
94169
94229
94253
94349
94397
94421
94433
94529
94541
94613
94649
94709
94781
94793
94841
94889
94949
94961
95009
95021
95093
95153
95177
95189
95213
95261
95273
95369
95393
95429
95441
95549
95561
95597
95621
95633
95717
95789
95801
95813
95873
95957
96017
96053
96137
96149
96221
96233
96269
96281
96293
96329
96353
96377
96401
96461
96497
96557
96581
96737
96749
96797
96821
96857
96893
96953
96989
97001
97073
97157
97169
97241
97301
97373
97397
97553
97577
97613
97649
97673
97829
97841
97961
97973
98009
98057
98081
98129
98213
98297
98321
98369
98429
98453
98561
98573
98597
98621
98669
98717
98729
98801
98837
98849
98873
98897
98909
98981
98993
99017
99041
99053
99089
99137
99149
99173
99233
99257
99317
99377
99401
99497
99581
99689
99713
99761
99809
99833
99881
99929
